9dc03f845eb70589bab17f349f593e83fd66390d9d59bc33f728942009ffff49 325 324 1199 720
7cf0fd53f610480c42522033df5959a36676a137f58c2c74d07ef3d00c432569 1 0 0 0
26f30bf3979a5a1b40ae358fc7cd584aa66964bbbd5a5d28e09d10ef7449f7da 6 6 276 3
ac615e9db036b3f252187688186ae2ad01faced9884009d779132db7193a12fc 61 22 1429 253
a65344eadd678cd5527b46e863d05373df47f4faa917fb717cff893fac7ba76c 6 6 1272 16
7f1f6a6e12c487e35713bd69b05c4f1db12914fd812227faa40fbcf215f2ffcc 3 3 53807 0
5e7efbd3acbce0c95d4a531ccc961ba1b9859b57fb0cf68862d492e702169165 6 6 15108 349
12b72d5d0a17e424a659cb0e56a1cfaa090f333a46284350fe3d97dd2874b947 5 5 9239 2155
97a676af307f957e45f08c01c1699166a20bc7a071ff85ba7d9ba46141b4c5b9 54696 54575 89408 69413
16c32d09f8028fc9fd7b944cf732f61b8f9407fad56d4f7e9b13f39d89da3411 2 2 7207 0
ed12acb7c2d5de17bf5bc9003e9397addb5405c71634d6592cfc209027559ae0 4 4 283 0
ec2102f462600374e735a72fe92c6d4eda48e9f5a16e9b65ecf981eb4513a5ef 2 0 0 0
845c0edea252d4c7c5e391c3a69f1440ab733b4e16a2fc22c4ac4481ce4962aa 5 0 0 0
16807fe1b1e3a421734a1680b5c28e5edd0442c87f50148b4454d1147e900b2b 24 1 1 1
737a8c0e45fa4f06a897ce58ae49d5078e4d073e0fbc48e2b3a7dd125bc09359 23 1 1 1
2b8dcaacae54552c9b071682d0be1f35ac280c2707277d874c21b2ff72ef0883 2 1 10 1
f4a70632b6823280a512246704d1e2494b7b4cf086217aec56fd7afccda9c1c7 1 0 0 0
7ffc7e6b915341b1fc6bc2b5ddea2631055b40e14053bfd699afa1456c1aa798 10 10 2071 1138
0c8a100fd6b69fd77e9f03e635f55eb557aaf66044b1942f7160bb80badb6515 19 19 12891 1041
817f7db16cc57ae6887f86b6a3b2a94cdc0f63194d55af882fbf13803e636c37 33 0 0 0
6913b30d691eca50a1ce67eee5ec658ee6672d1b022b4b8af6d896222a2dc4dd 47 19 12605 1711
03c21a83c881607f8d96a96f6f8810d76792664b59463a787522595b3b25c5c9 11 4 14781 312
c8ed1e6069b0207456150bcaf183233a06e65fd8944e4e12d1605149dd82b578 2 0 0 0
2953fc416f7187615fd8fe5e2f203493fa95bd9faff335f1367301662862673e 4 3 511 1
e8df457310b9f90a84d60c08d80ef8f747d1355a1c4340b32eedc085019d3856 30 6 537 25
ea0e513c79a39be7b69144dd6f66431407e08ec780278caaa02879b5a1e8c846 10 2 296 0
8419329e1b6541eeb7ceab7778e035b2f350a955d313a83968dabfb669740987 11 3 367 65
b646a9dc38e783228ce251568dc603f1b65fcc33cb715836c2dede19e16cfaca 11 3 367 65
87675a0dfbf263bb4d2d7c1b2461d0090d40d4c79d6ae1adf331e8ca3e7f2c4a 29 5 537 2
90d3644ee51d72acf17d214fe64ebe51ee53ab587c8f58670891c164d0b0e696 13 6 14794 314
3a0e980ddaf3835e550e3d50eb7cabab29b58f1d8e57f388f43157b51fcb4cbc 212 0 0 0
972fd43a59625bf0ff43a8d7c57f9eb9055eedd2b7fbc0f1a70a93757a6e687f 8 0 0 0
46c56e6bac24c42a4d4368ad64b44076c7249750d570552e266b49af64df482f 35 35 15840 1649
0d269070b0fdab41c4e2c0aed6ff00f1e4c0712dcd6a4135618eb6d775dfe66d 3 0 0 0
acb252dfb3e5b6b453017ca1f42181a2761c75f9633a68a573727c0921a36292 3 0 0 0
b13b077e35ccc2a163a204be138e05052c62a4fc6ba94d77b048a50638708871 1 0 0 0
7d45578a7270fa7e63235dc3b034c82ff5bcb7c8626f4f39c056a4a3b046c710 4 4 8102 169
5fc9496702418972428834060d6b0ad75d1dc20fb8563cd2ea4d1b9c66a39fee 3 0 0 0
29ee004d81ebac0d51aefbda89cf9127a9f4835229f669303480530f80e8b9e6 55 0 0 0
3f39656cfe0ee2766ebaffecfadacda72787fdd011e1fc4ac8dea713c312cf94 740 0 0 0
0a18a6c154250b9106a598d9c66b80ec53c85432186ceadf65885ddf987369f3 0 0 0 0
3fa7c4dddded50252b91ba8afa8b1dc1dd5f7a9b4274ffe4f8065a4810dc577b 2 0 0 0
25ec34794054367aff162dc96cce3322c68fcdbd3d14c4a19f19749347a210cb 15 15 7406 11
79c71c140952d4a653022c1c5997a036195c382ebedff413dfab8fc56391f34a 12 12 13556 128
2a36275b78b9dd5423077d34e712db40dd6662102f1f27969e23fc299462b1ef 42 35 1428 722
c74cb7c77d9a9039380cc4213891af9a6ca75aacf72ae5d6b490aa44d215b1da 2 2 2 0
6ccbcfd7e6ba54a8fce55483fd80b9bc15ea3febb2f16cc8e8cbff585173262d 3 0 0 0
69f6a9f9c3c2eebdb3ce2bf937156f3cf9df8519154f6b0c8f4e65390baf91c2 5 0 0 0
02e3bef78d416137e83894816ff8836d032c63056ce824e2541dd97f66dbb491 3 0 0 0
36b5a69a7fb66ec301e617e29aed2d4f4e71ea19d8b7fc64157febe1bfb085b2 1 0 0 0
f66184fb97c1d23a88b47540ff50564510c9408a155fe986034ed6a094365021 1 0 0 0
3cbe33fd7933931ebc1b4a76bcba1a90cdf624685e4732993eb02e5a54e55e55 5 0 0 0
d69e1edadd5da7a374207ab28ab4218bff26aedd6254e30c01f030f078d97b99 0 0 0 0
713df7efe6d0794e099c474d0affd4ab60ccde1bba11873c219d3f1b9169bf91 12 0 0 0
7fa8fdc910a773f6a4b0876dc2aaf8882f27f1a9fa3ee36bca178cda2696a8a0 13 0 0 0
be3f75ff4cd5546fe03c834e449fe4d557e4307b52b09e66b42e001cdd05f72d 7 0 0 0
f9b4ef3701756c6d9de13ee37721d5960bdc3583c50b73c107fdbff01a6c4048 2 0 0 0
cbe0c23751f38b0ae6729a5dab2f6be1f30b32f1e1d8a7643a6192a88738b495 0 0 0 0
ce8f0c04f6f65d504928e52fd444eddeaaa4b8f6e36a58d854a45ab270c160e2 2 0 0 0
f4448399aa2680bebdc7763d6a107e606c5b14f9d528a0ae6a510497e3f5b9b0 2 0 0 0
758cc62516478630ae25e317493b4c4f4dae7785c8d57e56aa005e7f91f24041 8 0 0 0
bfcbcc73d980e4ba2782522ea1d895fdee6fb0171b4985e33f351d6f8de34a6b 78 0 0 0
f0d0464eeb6b618e1ddd97ff5888344cea230065692172f4cf51c2eeb59a050c 12 0 0 0
8d217f608f6bb40ba23501854dbb8bc461190d5e04281f9af5d852ab8a9de810 5 0 0 0
823dc01766d35cd36390c20221fe126f4c35b1ea2aaa78da72cd28ac409b3d81 2 0 0 0
e1f9dd528e6bd8566e06867d0819a0ac364b6d409fd7db49a6051b6031b7dcc2 2 0 0 0
68c3942571e1d9512ea5df5ec71401e30bd0536fe0a874899f1a1bfb67417a0b 5 0 0 0
6c3c3374042c55892d5ca1db169c52ac29733a3f8ff818f5a8ff2f5fa4d2acd3 2 0 0 0
d73ed161a0327edc7ab0bee2dbd73114b3d577781e139f4ceff639f1a87198b5 4 0 0 0
19a21449a8de640fd8c98b630bbf7e6339504ee7cd023ea8193f9e378865cb4a 39 0 0 0
094b5ce77423edac08d71196559c43656a86bf314666fe0839d6a51783bb3b0b 2 0 0 0
3a415174f002478b5c212fab6a2a653566d06043f8065df8c856017e28e2c4b0 27 0 0 0
efb98acd1cb2f266380cc96dbeac1846dc51c9e203e3ae3123d6b89b47449710 77 0 0 0
2287061fa872911b85d817f58e38046e0dd0fea8b884509c3186487c7a1b0a45 5 0 0 0
ffa167312ed756c5635238d05151cad700913900e79b7658bff24759c0025bc0 95 88 3962 1050
c170ba3ffa792681f28f0f790d7097a27c86d167c59be2d49b97f9096e5752c3 7 7 4976 252
afefc3bc879ff5f6f683aa79dc91bcec94602d0e4dc39887b0be0d394f9c18a6 36 36 9987 3311
8d8ae5237662efc0b7937321a8be1262088447e44afe294289449eba4462401e 3 0 0 0
ee675b3cbb8565c04d05954ba9b311a38f8d147d1b2ef47f84253e134ce533c8 3 0 0 0
0085674992d1e683c96c073fd0f919a338c3e3b885c8cb7fe5bb3e61df5308e9 128 0 0 0
c5bc8d12d5ec09bbd2bc91ed899578248577d396e4fc2144e767ca4dd9d45088 3 0 0 0
a79ad7508fa607d5c7badabe34a2612ec5ea7d32770c309dbf23b1047c1323aa 1 0 0 0
ad7e8219d4951c0d97fdb02f7d8e8706d91f2bb955b2c11d4256cf6df538f979 1 0 0 0
db97f281ec63dee9be8dbfa9cf7e2fe46d804c495fd1325cf9061f3b81e94854 72 72 82847 1507
27c16370f2102f5e8808e6b8c9fea0ef9d0f363bb169a608f2911211c8501a15 23 0 0 0
b7673a388286d7e2a444cf832f39bdaf6a280c94fd55598f48ff5b8cd8d7f98b 56 56 4467 1480
acdde16230c1e25fae823f951447300665fb4d5a5ae0bc886aa890452f507f47 5182 0 0 0
557d1394272b6f04713400b30f791f43f302f224ec781a13865a67dcc1fc6076 830 0 0 0
8f2234114db103aff6cff28965fc334096d958127e7dc30ebf6dc392a6d94624 112 0 0 0
bec73bbd28ff05c37df00fe9d2f664bb627761d8f50578dad52cbbf20de2ec64 48 0 0 0
c5a4c27be5c32be5fef009eb42a783d999ad2827fb4c5aa8ca46634fa1f556b1 12 12 7097 772
1f280e57b29406a7d5b8330dc92d98796a97be12dcc97163540178af8ecd8a60 1 0 0 0
